0 5 6 7 9 16 17 24 25 26 29 33 34 44 46 50 53 56 84 94
1 5 6 39 48 68 76
2 5 6 7 8 10 14 17 20 21 25 27 34 43 50 56 58 62 87 90
3 5 7 9 10 15 24 28 31 32 51 64 65 87
4 5 6 8 12 17 23
5 6 7 8 9 11 12 13 15 20 26 27 29 31 32 33 36 38 39 42 46 48 50 52 53 57 58 59 63 65 68 70 76 82 86 89 95 99
6 7 8 9 16 22 26 29 32 38 43 45 49 54 57 66 83 88 89 99
7 8 9 10 11 12 13 14 15 17 20 22 28 29 30 37 47 57 61 69 73 78 80 89 93
8 10 11 12 13 14 15 19 20 34 35 39 41 44 46 48 51 52 54 70 72 73 74 76 78 80 84 86 88 91 93 94 96 99
9 10 11 12 15 18 19 23 24 25 30 31 42 43 56 66 68 92
10 11 13 14 16 18 21 26 31 37 40 47 51 55 71 72 80 83 98
11 13 14 16 18 19 21 27 28 33 36 38 61 63 69 74 77 79 86 95 98
12 16 19 22 23 24 30 32 55 61 63 72 83 84 89
13 19 21 23 33 40 41 59 61 64 81 91 94
14 17 18 25 26 32 36 37 39 43 45 54 58 60 66 76 79 95
15 18 20 22 28 58 63 64 78 96
16 22 34 35 36 48 62 77 84 97
17 23 44 58 70 74 87 93
18 27 35 60 77 78 97
19 45 57 81
20 21 25 28 37 38 41 71
21 24 31 40 62 71 83 85
22 30 43 67 86 90 97
23 27 30 34 35 41 49 52 56 59 68 71 73 75 85
24 47 54 55 74 81 84 92 98
25 41 42 49 56 62 64 97
26 35 36 39 47 50 86 90
27 29 40 48 51 60
28
29 46 52 85 93
30 53 75
31 37 44 45 51 79
32 33 85
33 42
34
35 46 69 79 82 92
36 40 42 53 54 82 88 90
37 38 55 64 73 74 75 76 80 87 91 99
38 57
39 45 49
40 44 60
41 91
42 69 70 94
43 61 69 88 93
44 47 49 91
45 50 71
46 75 96
47 53 65 67 77 83 88 96 98
48 55 62 77
49 59
50
51 52 78
52
53 60 72
54 67 81
55 66
56 85 94
57 59 63 65 67 92 95
58 67 80 81
59 66
60
61
62 65 99
63
64
65
66 89
67 68
68 73
69 70 72
70
71
72 75
73
74 82 90
75 82 87
76
77
78 79 92 95
79
80
81
82 97
83
84
85
86
87
88
89
90 98
91 96
92
93
94
95
96
97
98
99
